%YAML:1.0
extrinsicRotation: !!opencv-matrix
   rows: 3
   cols: 3
   dt: d
   data: [ -3.8001537545298003e-03, -1.8507063861433193e-03,
       -9.9999106681875660e-01, -9.9999272762443381e-01,
       -3.1472904834450866e-04, 3.8007425421657248e-03,
       -3.2176029530739392e-04, 9.9999823791419695e-01,
       -1.8494969083371338e-03 ]
extrinsicTranslation: !!opencv-matrix
   rows: 3
   cols: 1
   dt: d
   data: [ 4.9547640187101408e-02, 1.2279027357550380e-03,
       5.3073535556087778e-02 ]
