%YAML:1.0
---
extrinsicRotation: !!opencv-matrix
   rows: 3
   cols: 3
   dt: d
   data: [ 1.5727168118964130e-02, -9.9987474272678034e-01,
       1.7762432300710423e-03, 9.9973513965350380e-01,
       1.5754774454812437e-02, 1.6776102761577153e-02,
       -1.6801985744156644e-02, 1.5119321851613217e-03,
       9.9985769354249643e-01 ]
extrinsicTranslation: !!opencv-matrix
   rows: 3
   cols: 1
   dt: d
   data: [ -1.1843704882330500e-02, -6.9328324792511192e-02,
       2.9869704626677321e-03 ]
